# Calibrated actuator disk source
# Turbine ID:                : disk1
# Thrust method:             : constantParameters
# Monitor reading method:    : actuatorDisk
# Rotation applied:          : 0.0000000000e+00
# Load distribution:         : NRELdistribution
#                 
# Time            # Uref            # Ctref           # Cpref           # Thr_Calc        # Thr_Applied     # errorT (%)      #                 
1                 8.000e+00		7.700e-01	0.000e+00	3.077e+05		3.045e+05	-1.052e+00	
2                 8.000e+00		7.700e-01	0.000e+00	3.077e+05		3.045e+05	-1.052e+00	
3                 8.000e+00		7.700e-01	0.000e+00	3.077e+05		3.045e+05	-1.052e+00	
4                 8.000e+00		7.700e-01	0.000e+00	3.077e+05		3.045e+05	-1.052e+00	
5                 8.000e+00		7.700e-01	0.000e+00	3.077e+05		3.045e+05	-1.052e+00	
6                 8.000e+00		7.700e-01	0.000e+00	3.077e+05		3.045e+05	-1.052e+00	
7                 8.000e+00		7.700e-01	0.000e+00	3.077e+05		3.045e+05	-1.052e+00	
8                 8.000e+00		7.700e-01	0.000e+00	3.077e+05		3.045e+05	-1.052e+00	
9                 8.000e+00		7.700e-01	0.000e+00	3.077e+05		3.045e+05	-1.052e+00	
10                8.000e+00		7.700e-01	0.000e+00	3.077e+05		3.045e+05	-1.052e+00	
11                8.000e+00		7.700e-01	0.000e+00	3.077e+05		3.045e+05	-1.052e+00	
12                8.000e+00		7.700e-01	0.000e+00	3.077e+05		3.045e+05	-1.052e+00	
13                8.000e+00		7.700e-01	0.000e+00	3.077e+05		3.045e+05	-1.052e+00	
14                8.000e+00		7.700e-01	0.000e+00	3.077e+05		3.045e+05	-1.052e+00	
15                8.000e+00		7.700e-01	0.000e+00	3.077e+05		3.045e+05	-1.052e+00	
16                8.000e+00		7.700e-01	0.000e+00	3.077e+05		3.045e+05	-1.052e+00	
17                8.000e+00		7.700e-01	0.000e+00	3.077e+05		3.045e+05	-1.052e+00	
18                8.000e+00		7.700e-01	0.000e+00	3.077e+05		3.045e+05	-1.052e+00	
19                8.000e+00		7.700e-01	0.000e+00	3.077e+05		3.045e+05	-1.052e+00	
20                8.000e+00		7.700e-01	0.000e+00	3.077e+05		3.045e+05	-1.052e+00	
21                8.000e+00		7.700e-01	0.000e+00	3.077e+05		3.045e+05	-1.052e+00	
22                8.000e+00		7.700e-01	0.000e+00	3.077e+05		3.045e+05	-1.052e+00	
23                8.000e+00		7.700e-01	0.000e+00	3.077e+05		3.045e+05	-1.052e+00	
24                8.000e+00		7.700e-01	0.000e+00	3.077e+05		3.045e+05	-1.052e+00	
25                8.000e+00		7.700e-01	0.000e+00	3.077e+05		3.045e+05	-1.052e+00	
26                8.000e+00		7.700e-01	0.000e+00	3.077e+05		3.045e+05	-1.052e+00	
27                8.000e+00		7.700e-01	0.000e+00	3.077e+05		3.045e+05	-1.052e+00	
28                8.000e+00		7.700e-01	0.000e+00	3.077e+05		3.045e+05	-1.052e+00	
29                8.000e+00		7.700e-01	0.000e+00	3.077e+05		3.045e+05	-1.052e+00	
30                8.000e+00		7.700e-01	0.000e+00	3.077e+05		3.045e+05	-1.052e+00	
31                8.000e+00		7.700e-01	0.000e+00	3.077e+05		3.045e+05	-1.052e+00	
32                8.000e+00		7.700e-01	0.000e+00	3.077e+05		3.045e+05	-1.052e+00	
33                8.000e+00		7.700e-01	0.000e+00	3.077e+05		3.045e+05	-1.052e+00	
34                8.000e+00		7.700e-01	0.000e+00	3.077e+05		3.045e+05	-1.052e+00	
35                8.000e+00		7.700e-01	0.000e+00	3.077e+05		3.045e+05	-1.052e+00	
36                8.000e+00		7.700e-01	0.000e+00	3.077e+05		3.045e+05	-1.052e+00	
37                8.000e+00		7.700e-01	0.000e+00	3.077e+05		3.045e+05	-1.052e+00	
38                8.000e+00		7.700e-01	0.000e+00	3.077e+05		3.045e+05	-1.052e+00	
39                8.000e+00		7.700e-01	0.000e+00	3.077e+05		3.045e+05	-1.052e+00	
40                8.000e+00		7.700e-01	0.000e+00	3.077e+05		3.045e+05	-1.052e+00	
41                8.000e+00		7.700e-01	0.000e+00	3.077e+05		3.045e+05	-1.052e+00	
42                8.000e+00		7.700e-01	0.000e+00	3.077e+05		3.045e+05	-1.052e+00	
43                8.000e+00		7.700e-01	0.000e+00	3.077e+05		3.045e+05	-1.052e+00	
44                8.000e+00		7.700e-01	0.000e+00	3.077e+05		3.045e+05	-1.052e+00	
45                8.000e+00		7.700e-01	0.000e+00	3.077e+05		3.045e+05	-1.052e+00	
46                8.000e+00		7.700e-01	0.000e+00	3.077e+05		3.045e+05	-1.052e+00	
47                8.000e+00		7.700e-01	0.000e+00	3.077e+05		3.045e+05	-1.052e+00	
48                8.000e+00		7.700e-01	0.000e+00	3.077e+05		3.045e+05	-1.052e+00	
49                8.000e+00		7.700e-01	0.000e+00	3.077e+05		3.045e+05	-1.052e+00	
50                8.000e+00		7.700e-01	0.000e+00	3.077e+05		3.045e+05	-1.052e+00	
51                8.000e+00		7.700e-01	0.000e+00	3.077e+05		3.045e+05	-1.052e+00	
52                8.000e+00		7.700e-01	0.000e+00	3.077e+05		3.045e+05	-1.052e+00	
53                8.000e+00		7.700e-01	0.000e+00	3.077e+05		3.045e+05	-1.052e+00	
54                8.000e+00		7.700e-01	0.000e+00	3.077e+05		3.045e+05	-1.052e+00	
55                8.000e+00		7.700e-01	0.000e+00	3.077e+05		3.045e+05	-1.052e+00	
56                8.000e+00		7.700e-01	0.000e+00	3.077e+05		3.045e+05	-1.052e+00	
57                8.000e+00		7.700e-01	0.000e+00	3.077e+05		3.045e+05	-1.052e+00	
58                8.000e+00		7.700e-01	0.000e+00	3.077e+05		3.045e+05	-1.052e+00	
59                8.000e+00		7.700e-01	0.000e+00	3.077e+05		3.045e+05	-1.052e+00	
60                8.000e+00		7.700e-01	0.000e+00	3.077e+05		3.045e+05	-1.052e+00	
61                8.000e+00		7.700e-01	0.000e+00	3.077e+05		3.045e+05	-1.052e+00	
62                8.000e+00		7.700e-01	0.000e+00	3.077e+05		3.045e+05	-1.052e+00	
63                8.000e+00		7.700e-01	0.000e+00	3.077e+05		3.045e+05	-1.052e+00	
64                8.000e+00		7.700e-01	0.000e+00	3.077e+05		3.045e+05	-1.052e+00	
65                8.000e+00		7.700e-01	0.000e+00	3.077e+05		3.045e+05	-1.052e+00	
66                8.000e+00		7.700e-01	0.000e+00	3.077e+05		3.045e+05	-1.052e+00	
67                8.000e+00		7.700e-01	0.000e+00	3.077e+05		3.045e+05	-1.052e+00	
68                8.000e+00		7.700e-01	0.000e+00	3.077e+05		3.045e+05	-1.052e+00	
69                8.000e+00		7.700e-01	0.000e+00	3.077e+05		3.045e+05	-1.052e+00	
70                8.000e+00		7.700e-01	0.000e+00	3.077e+05		3.045e+05	-1.052e+00	
71                8.000e+00		7.700e-01	0.000e+00	3.077e+05		3.045e+05	-1.052e+00	
72                8.000e+00		7.700e-01	0.000e+00	3.077e+05		3.045e+05	-1.052e+00	
73                8.000e+00		7.700e-01	0.000e+00	3.077e+05		3.045e+05	-1.052e+00	
74                8.000e+00		7.700e-01	0.000e+00	3.077e+05		3.045e+05	-1.052e+00	
75                8.000e+00		7.700e-01	0.000e+00	3.077e+05		3.045e+05	-1.052e+00	
76                8.000e+00		7.700e-01	0.000e+00	3.077e+05		3.045e+05	-1.052e+00	
77                8.000e+00		7.700e-01	0.000e+00	3.077e+05		3.045e+05	-1.052e+00	
78                8.000e+00		7.700e-01	0.000e+00	3.077e+05		3.045e+05	-1.052e+00	
79                8.000e+00		7.700e-01	0.000e+00	3.077e+05		3.045e+05	-1.052e+00	
80                8.000e+00		7.700e-01	0.000e+00	3.077e+05		3.045e+05	-1.052e+00	
81                8.000e+00		7.700e-01	0.000e+00	3.077e+05		3.045e+05	-1.052e+00	
82                8.000e+00		7.700e-01	0.000e+00	3.077e+05		3.045e+05	-1.052e+00	
83                8.000e+00		7.700e-01	0.000e+00	3.077e+05		3.045e+05	-1.052e+00	
84                8.000e+00		7.700e-01	0.000e+00	3.077e+05		3.045e+05	-1.052e+00	
85                8.000e+00		7.700e-01	0.000e+00	3.077e+05		3.045e+05	-1.052e+00	
86                8.000e+00		7.700e-01	0.000e+00	3.077e+05		3.045e+05	-1.052e+00	
87                8.000e+00		7.700e-01	0.000e+00	3.077e+05		3.045e+05	-1.052e+00	
88                8.000e+00		7.700e-01	0.000e+00	3.077e+05		3.045e+05	-1.052e+00	
89                8.000e+00		7.700e-01	0.000e+00	3.077e+05		3.045e+05	-1.052e+00	
90                8.000e+00		7.700e-01	0.000e+00	3.077e+05		3.045e+05	-1.052e+00	
91                8.000e+00		7.700e-01	0.000e+00	3.077e+05		3.045e+05	-1.052e+00	
92                8.000e+00		7.700e-01	0.000e+00	3.077e+05		3.045e+05	-1.052e+00	
93                8.000e+00		7.700e-01	0.000e+00	3.077e+05		3.045e+05	-1.052e+00	
94                8.000e+00		7.700e-01	0.000e+00	3.077e+05		3.045e+05	-1.052e+00	
95                8.000e+00		7.700e-01	0.000e+00	3.077e+05		3.045e+05	-1.052e+00	
96                8.000e+00		7.700e-01	0.000e+00	3.077e+05		3.045e+05	-1.052e+00	
97                8.000e+00		7.700e-01	0.000e+00	3.077e+05		3.045e+05	-1.052e+00	
98                8.000e+00		7.700e-01	0.000e+00	3.077e+05		3.045e+05	-1.052e+00	
99                8.000e+00		7.700e-01	0.000e+00	3.077e+05		3.045e+05	-1.052e+00	
100               8.000e+00		7.700e-01	0.000e+00	3.077e+05		3.045e+05	-1.052e+00	
101               8.000e+00		7.700e-01	0.000e+00	3.077e+05		3.045e+05	-1.052e+00	
102               8.000e+00		7.700e-01	0.000e+00	3.077e+05		3.045e+05	-1.052e+00	
103               8.000e+00		7.700e-01	0.000e+00	3.077e+05		3.045e+05	-1.052e+00	
104               8.000e+00		7.700e-01	0.000e+00	3.077e+05		3.045e+05	-1.052e+00	
105               8.000e+00		7.700e-01	0.000e+00	3.077e+05		3.045e+05	-1.052e+00	
106               8.000e+00		7.700e-01	0.000e+00	3.077e+05		3.045e+05	-1.052e+00	
107               8.000e+00		7.700e-01	0.000e+00	3.077e+05		3.045e+05	-1.052e+00	
108               8.000e+00		7.700e-01	0.000e+00	3.077e+05		3.045e+05	-1.052e+00	
109               8.000e+00		7.700e-01	0.000e+00	3.077e+05		3.045e+05	-1.052e+00	
110               8.000e+00		7.700e-01	0.000e+00	3.077e+05		3.045e+05	-1.052e+00	
111               8.000e+00		7.700e-01	0.000e+00	3.077e+05		3.045e+05	-1.052e+00	
112               8.000e+00		7.700e-01	0.000e+00	3.077e+05		3.045e+05	-1.052e+00	
113               8.000e+00		7.700e-01	0.000e+00	3.077e+05		3.045e+05	-1.052e+00	
114               8.000e+00		7.700e-01	0.000e+00	3.077e+05		3.045e+05	-1.052e+00	
115               8.000e+00		7.700e-01	0.000e+00	3.077e+05		3.045e+05	-1.052e+00	
116               8.000e+00		7.700e-01	0.000e+00	3.077e+05		3.045e+05	-1.052e+00	
117               8.000e+00		7.700e-01	0.000e+00	3.077e+05		3.045e+05	-1.052e+00	
118               8.000e+00		7.700e-01	0.000e+00	3.077e+05		3.045e+05	-1.052e+00	
119               8.000e+00		7.700e-01	0.000e+00	3.077e+05		3.045e+05	-1.052e+00	
120               8.000e+00		7.700e-01	0.000e+00	3.077e+05		3.045e+05	-1.052e+00	
121               8.000e+00		7.700e-01	0.000e+00	3.077e+05		3.045e+05	-1.052e+00	
122               8.000e+00		7.700e-01	0.000e+00	3.077e+05		3.045e+05	-1.052e+00	
123               8.000e+00		7.700e-01	0.000e+00	3.077e+05		3.045e+05	-1.052e+00	
124               8.000e+00		7.700e-01	0.000e+00	3.077e+05		3.045e+05	-1.052e+00	
125               8.000e+00		7.700e-01	0.000e+00	3.077e+05		3.045e+05	-1.052e+00	
126               8.000e+00		7.700e-01	0.000e+00	3.077e+05		3.045e+05	-1.052e+00	
127               8.000e+00		7.700e-01	0.000e+00	3.077e+05		3.045e+05	-1.052e+00	
128               8.000e+00		7.700e-01	0.000e+00	3.077e+05		3.045e+05	-1.052e+00	
129               8.000e+00		7.700e-01	0.000e+00	3.077e+05		3.045e+05	-1.052e+00	
130               8.000e+00		7.700e-01	0.000e+00	3.077e+05		3.045e+05	-1.052e+00	
131               8.000e+00		7.700e-01	0.000e+00	3.077e+05		3.045e+05	-1.052e+00	
132               8.000e+00		7.700e-01	0.000e+00	3.077e+05		3.045e+05	-1.052e+00	
133               8.000e+00		7.700e-01	0.000e+00	3.077e+05		3.045e+05	-1.052e+00	
134               8.000e+00		7.700e-01	0.000e+00	3.077e+05		3.045e+05	-1.052e+00	
135               8.000e+00		7.700e-01	0.000e+00	3.077e+05		3.045e+05	-1.052e+00	
136               8.000e+00		7.700e-01	0.000e+00	3.077e+05		3.045e+05	-1.052e+00	
137               8.000e+00		7.700e-01	0.000e+00	3.077e+05		3.045e+05	-1.052e+00	
138               8.000e+00		7.700e-01	0.000e+00	3.077e+05		3.045e+05	-1.052e+00	
139               8.000e+00		7.700e-01	0.000e+00	3.077e+05		3.045e+05	-1.052e+00	
140               8.000e+00		7.700e-01	0.000e+00	3.077e+05		3.045e+05	-1.052e+00	
141               8.000e+00		7.700e-01	0.000e+00	3.077e+05		3.045e+05	-1.052e+00	
142               8.000e+00		7.700e-01	0.000e+00	3.077e+05		3.045e+05	-1.052e+00	
143               8.000e+00		7.700e-01	0.000e+00	3.077e+05		3.045e+05	-1.052e+00	
144               8.000e+00		7.700e-01	0.000e+00	3.077e+05		3.045e+05	-1.052e+00	
145               8.000e+00		7.700e-01	0.000e+00	3.077e+05		3.045e+05	-1.052e+00	
146               8.000e+00		7.700e-01	0.000e+00	3.077e+05		3.045e+05	-1.052e+00	
147               8.000e+00		7.700e-01	0.000e+00	3.077e+05		3.045e+05	-1.052e+00	
148               8.000e+00		7.700e-01	0.000e+00	3.077e+05		3.045e+05	-1.052e+00	
149               8.000e+00		7.700e-01	0.000e+00	3.077e+05		3.045e+05	-1.052e+00	
150               8.000e+00		7.700e-01	0.000e+00	3.077e+05		3.045e+05	-1.052e+00	
151               8.000e+00		7.700e-01	0.000e+00	3.077e+05		3.045e+05	-1.052e+00	
152               8.000e+00		7.700e-01	0.000e+00	3.077e+05		3.045e+05	-1.052e+00	
153               8.000e+00		7.700e-01	0.000e+00	3.077e+05		3.045e+05	-1.052e+00	
154               8.000e+00		7.700e-01	0.000e+00	3.077e+05		3.045e+05	-1.052e+00	
155               8.000e+00		7.700e-01	0.000e+00	3.077e+05		3.045e+05	-1.052e+00	
156               8.000e+00		7.700e-01	0.000e+00	3.077e+05		3.045e+05	-1.052e+00	
157               8.000e+00		7.700e-01	0.000e+00	3.077e+05		3.045e+05	-1.052e+00	
158               8.000e+00		7.700e-01	0.000e+00	3.077e+05		3.045e+05	-1.052e+00	
159               8.000e+00		7.700e-01	0.000e+00	3.077e+05		3.045e+05	-1.052e+00	
160               8.000e+00		7.700e-01	0.000e+00	3.077e+05		3.045e+05	-1.052e+00	
161               8.000e+00		7.700e-01	0.000e+00	3.077e+05		3.045e+05	-1.052e+00	
162               8.000e+00		7.700e-01	0.000e+00	3.077e+05		3.045e+05	-1.052e+00	
163               8.000e+00		7.700e-01	0.000e+00	3.077e+05		3.045e+05	-1.052e+00	
164               8.000e+00		7.700e-01	0.000e+00	3.077e+05		3.045e+05	-1.052e+00	
165               8.000e+00		7.700e-01	0.000e+00	3.077e+05		3.045e+05	-1.052e+00	
166               8.000e+00		7.700e-01	0.000e+00	3.077e+05		3.045e+05	-1.052e+00	
167               8.000e+00		7.700e-01	0.000e+00	3.077e+05		3.045e+05	-1.052e+00	
168               8.000e+00		7.700e-01	0.000e+00	3.077e+05		3.045e+05	-1.052e+00	
169               8.000e+00		7.700e-01	0.000e+00	3.077e+05		3.045e+05	-1.052e+00	
170               8.000e+00		7.700e-01	0.000e+00	3.077e+05		3.045e+05	-1.052e+00	
171               8.000e+00		7.700e-01	0.000e+00	3.077e+05		3.045e+05	-1.052e+00	
172               8.000e+00		7.700e-01	0.000e+00	3.077e+05		3.045e+05	-1.052e+00	
173               8.000e+00		7.700e-01	0.000e+00	3.077e+05		3.045e+05	-1.052e+00	
174               8.000e+00		7.700e-01	0.000e+00	3.077e+05		3.045e+05	-1.052e+00	
175               8.000e+00		7.700e-01	0.000e+00	3.077e+05		3.045e+05	-1.052e+00	
176               8.000e+00		7.700e-01	0.000e+00	3.077e+05		3.045e+05	-1.052e+00	
177               8.000e+00		7.700e-01	0.000e+00	3.077e+05		3.045e+05	-1.052e+00	
178               8.000e+00		7.700e-01	0.000e+00	3.077e+05		3.045e+05	-1.052e+00	
179               8.000e+00		7.700e-01	0.000e+00	3.077e+05		3.045e+05	-1.052e+00	
180               8.000e+00		7.700e-01	0.000e+00	3.077e+05		3.045e+05	-1.052e+00	
181               8.000e+00		7.700e-01	0.000e+00	3.077e+05		3.045e+05	-1.052e+00	
182               8.000e+00		7.700e-01	0.000e+00	3.077e+05		3.045e+05	-1.052e+00	
183               8.000e+00		7.700e-01	0.000e+00	3.077e+05		3.045e+05	-1.052e+00	
184               8.000e+00		7.700e-01	0.000e+00	3.077e+05		3.045e+05	-1.052e+00	
185               8.000e+00		7.700e-01	0.000e+00	3.077e+05		3.045e+05	-1.052e+00	
186               8.000e+00		7.700e-01	0.000e+00	3.077e+05		3.045e+05	-1.052e+00	
187               8.000e+00		7.700e-01	0.000e+00	3.077e+05		3.045e+05	-1.052e+00	
188               8.000e+00		7.700e-01	0.000e+00	3.077e+05		3.045e+05	-1.052e+00	
189               8.000e+00		7.700e-01	0.000e+00	3.077e+05		3.045e+05	-1.052e+00	
190               8.000e+00		7.700e-01	0.000e+00	3.077e+05		3.045e+05	-1.052e+00	
191               8.000e+00		7.700e-01	0.000e+00	3.077e+05		3.045e+05	-1.052e+00	
192               8.000e+00		7.700e-01	0.000e+00	3.077e+05		3.045e+05	-1.052e+00	
193               8.000e+00		7.700e-01	0.000e+00	3.077e+05		3.045e+05	-1.052e+00	
194               8.000e+00		7.700e-01	0.000e+00	3.077e+05		3.045e+05	-1.052e+00	
195               8.000e+00		7.700e-01	0.000e+00	3.077e+05		3.045e+05	-1.052e+00	
196               8.000e+00		7.700e-01	0.000e+00	3.077e+05		3.045e+05	-1.052e+00	
197               8.000e+00		7.700e-01	0.000e+00	3.077e+05		3.045e+05	-1.052e+00	
198               8.000e+00		7.700e-01	0.000e+00	3.077e+05		3.045e+05	-1.052e+00	
199               8.000e+00		7.700e-01	0.000e+00	3.077e+05		3.045e+05	-1.052e+00	
200               8.000e+00		7.700e-01	0.000e+00	3.077e+05		3.045e+05	-1.052e+00	
201               8.000e+00		7.700e-01	0.000e+00	3.077e+05		3.045e+05	-1.052e+00	
202               8.000e+00		7.700e-01	0.000e+00	3.077e+05		3.045e+05	-1.052e+00	
203               8.000e+00		7.700e-01	0.000e+00	3.077e+05		3.045e+05	-1.052e+00	
204               8.000e+00		7.700e-01	0.000e+00	3.077e+05		3.045e+05	-1.052e+00	
205               8.000e+00		7.700e-01	0.000e+00	3.077e+05		3.045e+05	-1.052e+00	
206               8.000e+00		7.700e-01	0.000e+00	3.077e+05		3.045e+05	-1.052e+00	
207               8.000e+00		7.700e-01	0.000e+00	3.077e+05		3.045e+05	-1.052e+00	
208               8.000e+00		7.700e-01	0.000e+00	3.077e+05		3.045e+05	-1.052e+00	
209               8.000e+00		7.700e-01	0.000e+00	3.077e+05		3.045e+05	-1.052e+00	
210               8.000e+00		7.700e-01	0.000e+00	3.077e+05		3.045e+05	-1.052e+00	
211               8.000e+00		7.700e-01	0.000e+00	3.077e+05		3.045e+05	-1.052e+00	
212               8.000e+00		7.700e-01	0.000e+00	3.077e+05		3.045e+05	-1.052e+00	
213               8.000e+00		7.700e-01	0.000e+00	3.077e+05		3.045e+05	-1.052e+00	
214               8.000e+00		7.700e-01	0.000e+00	3.077e+05		3.045e+05	-1.052e+00	
215               8.000e+00		7.700e-01	0.000e+00	3.077e+05		3.045e+05	-1.052e+00	
216               8.000e+00		7.700e-01	0.000e+00	3.077e+05		3.045e+05	-1.052e+00	
217               8.000e+00		7.700e-01	0.000e+00	3.077e+05		3.045e+05	-1.052e+00	
218               8.000e+00		7.700e-01	0.000e+00	3.077e+05		3.045e+05	-1.052e+00	
219               8.000e+00		7.700e-01	0.000e+00	3.077e+05		3.045e+05	-1.052e+00	
220               8.000e+00		7.700e-01	0.000e+00	3.077e+05		3.045e+05	-1.052e+00	
221               8.000e+00		7.700e-01	0.000e+00	3.077e+05		3.045e+05	-1.052e+00	
222               8.000e+00		7.700e-01	0.000e+00	3.077e+05		3.045e+05	-1.052e+00	
223               8.000e+00		7.700e-01	0.000e+00	3.077e+05		3.045e+05	-1.052e+00	
224               8.000e+00		7.700e-01	0.000e+00	3.077e+05		3.045e+05	-1.052e+00	
225               8.000e+00		7.700e-01	0.000e+00	3.077e+05		3.045e+05	-1.052e+00	
226               8.000e+00		7.700e-01	0.000e+00	3.077e+05		3.045e+05	-1.052e+00	
227               8.000e+00		7.700e-01	0.000e+00	3.077e+05		3.045e+05	-1.052e+00	
228               8.000e+00		7.700e-01	0.000e+00	3.077e+05		3.045e+05	-1.052e+00	
229               8.000e+00		7.700e-01	0.000e+00	3.077e+05		3.045e+05	-1.052e+00	
230               8.000e+00		7.700e-01	0.000e+00	3.077e+05		3.045e+05	-1.052e+00	
231               8.000e+00		7.700e-01	0.000e+00	3.077e+05		3.045e+05	-1.052e+00	
232               8.000e+00		7.700e-01	0.000e+00	3.077e+05		3.045e+05	-1.052e+00	
233               8.000e+00		7.700e-01	0.000e+00	3.077e+05		3.045e+05	-1.052e+00	
234               8.000e+00		7.700e-01	0.000e+00	3.077e+05		3.045e+05	-1.052e+00	
235               8.000e+00		7.700e-01	0.000e+00	3.077e+05		3.045e+05	-1.052e+00	
236               8.000e+00		7.700e-01	0.000e+00	3.077e+05		3.045e+05	-1.052e+00	
237               8.000e+00		7.700e-01	0.000e+00	3.077e+05		3.045e+05	-1.052e+00	
238               8.000e+00		7.700e-01	0.000e+00	3.077e+05		3.045e+05	-1.052e+00	
239               8.000e+00		7.700e-01	0.000e+00	3.077e+05		3.045e+05	-1.052e+00	
240               8.000e+00		7.700e-01	0.000e+00	3.077e+05		3.045e+05	-1.052e+00	
241               8.000e+00		7.700e-01	0.000e+00	3.077e+05		3.045e+05	-1.052e+00	
242               8.000e+00		7.700e-01	0.000e+00	3.077e+05		3.045e+05	-1.052e+00	
243               8.000e+00		7.700e-01	0.000e+00	3.077e+05		3.045e+05	-1.052e+00	
244               8.000e+00		7.700e-01	0.000e+00	3.077e+05		3.045e+05	-1.052e+00	
245               8.000e+00		7.700e-01	0.000e+00	3.077e+05		3.045e+05	-1.052e+00	
246               8.000e+00		7.700e-01	0.000e+00	3.077e+05		3.045e+05	-1.052e+00	
247               8.000e+00		7.700e-01	0.000e+00	3.077e+05		3.045e+05	-1.052e+00	
248               8.000e+00		7.700e-01	0.000e+00	3.077e+05		3.045e+05	-1.052e+00	
249               8.000e+00		7.700e-01	0.000e+00	3.077e+05		3.045e+05	-1.052e+00	
250               8.000e+00		7.700e-01	0.000e+00	3.077e+05		3.045e+05	-1.052e+00	
251               8.000e+00		7.700e-01	0.000e+00	3.077e+05		3.045e+05	-1.052e+00	
252               8.000e+00		7.700e-01	0.000e+00	3.077e+05		3.045e+05	-1.052e+00	
253               8.000e+00		7.700e-01	0.000e+00	3.077e+05		3.045e+05	-1.052e+00	
254               8.000e+00		7.700e-01	0.000e+00	3.077e+05		3.045e+05	-1.052e+00	
255               8.000e+00		7.700e-01	0.000e+00	3.077e+05		3.045e+05	-1.052e+00	
256               8.000e+00		7.700e-01	0.000e+00	3.077e+05		3.045e+05	-1.052e+00	
257               8.000e+00		7.700e-01	0.000e+00	3.077e+05		3.045e+05	-1.052e+00	
258               8.000e+00		7.700e-01	0.000e+00	3.077e+05		3.045e+05	-1.052e+00	
259               8.000e+00		7.700e-01	0.000e+00	3.077e+05		3.045e+05	-1.052e+00	
260               8.000e+00		7.700e-01	0.000e+00	3.077e+05		3.045e+05	-1.052e+00	
261               8.000e+00		7.700e-01	0.000e+00	3.077e+05		3.045e+05	-1.052e+00	
262               8.000e+00		7.700e-01	0.000e+00	3.077e+05		3.045e+05	-1.052e+00	
263               8.000e+00		7.700e-01	0.000e+00	3.077e+05		3.045e+05	-1.052e+00	
264               8.000e+00		7.700e-01	0.000e+00	3.077e+05		3.045e+05	-1.052e+00	
265               8.000e+00		7.700e-01	0.000e+00	3.077e+05		3.045e+05	-1.052e+00	
266               8.000e+00		7.700e-01	0.000e+00	3.077e+05		3.045e+05	-1.052e+00	
267               8.000e+00		7.700e-01	0.000e+00	3.077e+05		3.045e+05	-1.052e+00	
268               8.000e+00		7.700e-01	0.000e+00	3.077e+05		3.045e+05	-1.052e+00	
269               8.000e+00		7.700e-01	0.000e+00	3.077e+05		3.045e+05	-1.052e+00	
270               8.000e+00		7.700e-01	0.000e+00	3.077e+05		3.045e+05	-1.052e+00	
271               8.000e+00		7.700e-01	0.000e+00	3.077e+05		3.045e+05	-1.052e+00	
272               8.000e+00		7.700e-01	0.000e+00	3.077e+05		3.045e+05	-1.052e+00	
273               8.000e+00		7.700e-01	0.000e+00	3.077e+05		3.045e+05	-1.052e+00	
274               8.000e+00		7.700e-01	0.000e+00	3.077e+05		3.045e+05	-1.052e+00	
275               8.000e+00		7.700e-01	0.000e+00	3.077e+05		3.045e+05	-1.052e+00	
276               8.000e+00		7.700e-01	0.000e+00	3.077e+05		3.045e+05	-1.052e+00	
277               8.000e+00		7.700e-01	0.000e+00	3.077e+05		3.045e+05	-1.052e+00	
278               8.000e+00		7.700e-01	0.000e+00	3.077e+05		3.045e+05	-1.052e+00	
279               8.000e+00		7.700e-01	0.000e+00	3.077e+05		3.045e+05	-1.052e+00	
280               8.000e+00		7.700e-01	0.000e+00	3.077e+05		3.045e+05	-1.052e+00	
281               8.000e+00		7.700e-01	0.000e+00	3.077e+05		3.045e+05	-1.052e+00	
282               8.000e+00		7.700e-01	0.000e+00	3.077e+05		3.045e+05	-1.052e+00	
283               8.000e+00		7.700e-01	0.000e+00	3.077e+05		3.045e+05	-1.052e+00	
284               8.000e+00		7.700e-01	0.000e+00	3.077e+05		3.045e+05	-1.052e+00	
285               8.000e+00		7.700e-01	0.000e+00	3.077e+05		3.045e+05	-1.052e+00	
286               8.000e+00		7.700e-01	0.000e+00	3.077e+05		3.045e+05	-1.052e+00	
287               8.000e+00		7.700e-01	0.000e+00	3.077e+05		3.045e+05	-1.052e+00	
288               8.000e+00		7.700e-01	0.000e+00	3.077e+05		3.045e+05	-1.052e+00	
289               8.000e+00		7.700e-01	0.000e+00	3.077e+05		3.045e+05	-1.052e+00	
290               8.000e+00		7.700e-01	0.000e+00	3.077e+05		3.045e+05	-1.052e+00	
291               8.000e+00		7.700e-01	0.000e+00	3.077e+05		3.045e+05	-1.052e+00	
292               8.000e+00		7.700e-01	0.000e+00	3.077e+05		3.045e+05	-1.052e+00	
293               8.000e+00		7.700e-01	0.000e+00	3.077e+05		3.045e+05	-1.052e+00	
294               8.000e+00		7.700e-01	0.000e+00	3.077e+05		3.045e+05	-1.052e+00	
295               8.000e+00		7.700e-01	0.000e+00	3.077e+05		3.045e+05	-1.052e+00	
296               8.000e+00		7.700e-01	0.000e+00	3.077e+05		3.045e+05	-1.052e+00	
297               8.000e+00		7.700e-01	0.000e+00	3.077e+05		3.045e+05	-1.052e+00	
298               8.000e+00		7.700e-01	0.000e+00	3.077e+05		3.045e+05	-1.052e+00	
299               8.000e+00		7.700e-01	0.000e+00	3.077e+05		3.045e+05	-1.052e+00	
300               8.000e+00		7.700e-01	0.000e+00	3.077e+05		3.045e+05	-1.052e+00	
301               8.000e+00		7.700e-01	0.000e+00	3.077e+05		3.045e+05	-1.052e+00	
302               8.000e+00		7.700e-01	0.000e+00	3.077e+05		3.045e+05	-1.052e+00	
303               8.000e+00		7.700e-01	0.000e+00	3.077e+05		3.045e+05	-1.052e+00	
304               8.000e+00		7.700e-01	0.000e+00	3.077e+05		3.045e+05	-1.052e+00	
305               8.000e+00		7.700e-01	0.000e+00	3.077e+05		3.045e+05	-1.052e+00	
306               8.000e+00		7.700e-01	0.000e+00	3.077e+05		3.045e+05	-1.052e+00	
307               8.000e+00		7.700e-01	0.000e+00	3.077e+05		3.045e+05	-1.052e+00	
308               8.000e+00		7.700e-01	0.000e+00	3.077e+05		3.045e+05	-1.052e+00	
309               8.000e+00		7.700e-01	0.000e+00	3.077e+05		3.045e+05	-1.052e+00	
310               8.000e+00		7.700e-01	0.000e+00	3.077e+05		3.045e+05	-1.052e+00	
311               8.000e+00		7.700e-01	0.000e+00	3.077e+05		3.045e+05	-1.052e+00	
312               8.000e+00		7.700e-01	0.000e+00	3.077e+05		3.045e+05	-1.052e+00	
313               8.000e+00		7.700e-01	0.000e+00	3.077e+05		3.045e+05	-1.052e+00	
314               8.000e+00		7.700e-01	0.000e+00	3.077e+05		3.045e+05	-1.052e+00	
315               8.000e+00		7.700e-01	0.000e+00	3.077e+05		3.045e+05	-1.052e+00	
316               8.000e+00		7.700e-01	0.000e+00	3.077e+05		3.045e+05	-1.052e+00	
317               8.000e+00		7.700e-01	0.000e+00	3.077e+05		3.045e+05	-1.052e+00	
318               8.000e+00		7.700e-01	0.000e+00	3.077e+05		3.045e+05	-1.052e+00	
319               8.000e+00		7.700e-01	0.000e+00	3.077e+05		3.045e+05	-1.052e+00	
320               8.000e+00		7.700e-01	0.000e+00	3.077e+05		3.045e+05	-1.052e+00	
321               8.000e+00		7.700e-01	0.000e+00	3.077e+05		3.045e+05	-1.052e+00	
322               8.000e+00		7.700e-01	0.000e+00	3.077e+05		3.045e+05	-1.052e+00	
323               8.000e+00		7.700e-01	0.000e+00	3.077e+05		3.045e+05	-1.052e+00	
324               8.000e+00		7.700e-01	0.000e+00	3.077e+05		3.045e+05	-1.052e+00	
325               8.000e+00		7.700e-01	0.000e+00	3.077e+05		3.045e+05	-1.052e+00	
326               8.000e+00		7.700e-01	0.000e+00	3.077e+05		3.045e+05	-1.052e+00	
327               8.000e+00		7.700e-01	0.000e+00	3.077e+05		3.045e+05	-1.052e+00	
328               8.000e+00		7.700e-01	0.000e+00	3.077e+05		3.045e+05	-1.052e+00	
329               8.000e+00		7.700e-01	0.000e+00	3.077e+05		3.045e+05	-1.052e+00	
330               8.000e+00		7.700e-01	0.000e+00	3.077e+05		3.045e+05	-1.052e+00	
331               8.000e+00		7.700e-01	0.000e+00	3.077e+05		3.045e+05	-1.052e+00	
332               8.000e+00		7.700e-01	0.000e+00	3.077e+05		3.045e+05	-1.052e+00	
333               8.000e+00		7.700e-01	0.000e+00	3.077e+05		3.045e+05	-1.052e+00	
334               8.000e+00		7.700e-01	0.000e+00	3.077e+05		3.045e+05	-1.052e+00	
335               8.000e+00		7.700e-01	0.000e+00	3.077e+05		3.045e+05	-1.052e+00	
336               8.000e+00		7.700e-01	0.000e+00	3.077e+05		3.045e+05	-1.052e+00	
337               8.000e+00		7.700e-01	0.000e+00	3.077e+05		3.045e+05	-1.052e+00	
338               8.000e+00		7.700e-01	0.000e+00	3.077e+05		3.045e+05	-1.052e+00	
339               8.000e+00		7.700e-01	0.000e+00	3.077e+05		3.045e+05	-1.052e+00	
340               8.000e+00		7.700e-01	0.000e+00	3.077e+05		3.045e+05	-1.052e+00	
341               8.000e+00		7.700e-01	0.000e+00	3.077e+05		3.045e+05	-1.052e+00	
342               8.000e+00		7.700e-01	0.000e+00	3.077e+05		3.045e+05	-1.052e+00	
343               8.000e+00		7.700e-01	0.000e+00	3.077e+05		3.045e+05	-1.052e+00	
344               8.000e+00		7.700e-01	0.000e+00	3.077e+05		3.045e+05	-1.052e+00	
345               8.000e+00		7.700e-01	0.000e+00	3.077e+05		3.045e+05	-1.052e+00	
346               8.000e+00		7.700e-01	0.000e+00	3.077e+05		3.045e+05	-1.052e+00	
347               8.000e+00		7.700e-01	0.000e+00	3.077e+05		3.045e+05	-1.052e+00	
348               8.000e+00		7.700e-01	0.000e+00	3.077e+05		3.045e+05	-1.052e+00	
349               8.000e+00		7.700e-01	0.000e+00	3.077e+05		3.045e+05	-1.052e+00	
350               8.000e+00		7.700e-01	0.000e+00	3.077e+05		3.045e+05	-1.052e+00	
351               8.000e+00		7.700e-01	0.000e+00	3.077e+05		3.045e+05	-1.052e+00	
352               8.000e+00		7.700e-01	0.000e+00	3.077e+05		3.045e+05	-1.052e+00	
353               8.000e+00		7.700e-01	0.000e+00	3.077e+05		3.045e+05	-1.052e+00	
354               8.000e+00		7.700e-01	0.000e+00	3.077e+05		3.045e+05	-1.052e+00	
355               8.000e+00		7.700e-01	0.000e+00	3.077e+05		3.045e+05	-1.052e+00	
356               8.000e+00		7.700e-01	0.000e+00	3.077e+05		3.045e+05	-1.052e+00	
357               8.000e+00		7.700e-01	0.000e+00	3.077e+05		3.045e+05	-1.052e+00	
358               8.000e+00		7.700e-01	0.000e+00	3.077e+05		3.045e+05	-1.052e+00	
359               8.000e+00		7.700e-01	0.000e+00	3.077e+05		3.045e+05	-1.052e+00	
360               8.000e+00		7.700e-01	0.000e+00	3.077e+05		3.045e+05	-1.052e+00	
361               8.000e+00		7.700e-01	0.000e+00	3.077e+05		3.045e+05	-1.052e+00	
362               8.000e+00		7.700e-01	0.000e+00	3.077e+05		3.045e+05	-1.052e+00	
363               8.000e+00		7.700e-01	0.000e+00	3.077e+05		3.045e+05	-1.052e+00	
364               8.000e+00		7.700e-01	0.000e+00	3.077e+05		3.045e+05	-1.052e+00	
365               8.000e+00		7.700e-01	0.000e+00	3.077e+05		3.045e+05	-1.052e+00	
366               8.000e+00		7.700e-01	0.000e+00	3.077e+05		3.045e+05	-1.052e+00	
367               8.000e+00		7.700e-01	0.000e+00	3.077e+05		3.045e+05	-1.052e+00	
368               8.000e+00		7.700e-01	0.000e+00	3.077e+05		3.045e+05	-1.052e+00	
369               8.000e+00		7.700e-01	0.000e+00	3.077e+05		3.045e+05	-1.052e+00	
370               8.000e+00		7.700e-01	0.000e+00	3.077e+05		3.045e+05	-1.052e+00	
371               8.000e+00		7.700e-01	0.000e+00	3.077e+05		3.045e+05	-1.052e+00	
372               8.000e+00		7.700e-01	0.000e+00	3.077e+05		3.045e+05	-1.052e+00	
373               8.000e+00		7.700e-01	0.000e+00	3.077e+05		3.045e+05	-1.052e+00	
374               8.000e+00		7.700e-01	0.000e+00	3.077e+05		3.045e+05	-1.052e+00	
375               8.000e+00		7.700e-01	0.000e+00	3.077e+05		3.045e+05	-1.052e+00	
376               8.000e+00		7.700e-01	0.000e+00	3.077e+05		3.045e+05	-1.052e+00	
377               8.000e+00		7.700e-01	0.000e+00	3.077e+05		3.045e+05	-1.052e+00	
378               8.000e+00		7.700e-01	0.000e+00	3.077e+05		3.045e+05	-1.052e+00	
379               8.000e+00		7.700e-01	0.000e+00	3.077e+05		3.045e+05	-1.052e+00	
380               8.000e+00		7.700e-01	0.000e+00	3.077e+05		3.045e+05	-1.052e+00	
381               8.000e+00		7.700e-01	0.000e+00	3.077e+05		3.045e+05	-1.052e+00	
382               8.000e+00		7.700e-01	0.000e+00	3.077e+05		3.045e+05	-1.052e+00	
383               8.000e+00		7.700e-01	0.000e+00	3.077e+05		3.045e+05	-1.052e+00	
384               8.000e+00		7.700e-01	0.000e+00	3.077e+05		3.045e+05	-1.052e+00	
385               8.000e+00		7.700e-01	0.000e+00	3.077e+05		3.045e+05	-1.052e+00	
386               8.000e+00		7.700e-01	0.000e+00	3.077e+05		3.045e+05	-1.052e+00	
387               8.000e+00		7.700e-01	0.000e+00	3.077e+05		3.045e+05	-1.052e+00	
388               8.000e+00		7.700e-01	0.000e+00	3.077e+05		3.045e+05	-1.052e+00	
389               8.000e+00		7.700e-01	0.000e+00	3.077e+05		3.045e+05	-1.052e+00	
390               8.000e+00		7.700e-01	0.000e+00	3.077e+05		3.045e+05	-1.052e+00	
391               8.000e+00		7.700e-01	0.000e+00	3.077e+05		3.045e+05	-1.052e+00	
392               8.000e+00		7.700e-01	0.000e+00	3.077e+05		3.045e+05	-1.052e+00	
393               8.000e+00		7.700e-01	0.000e+00	3.077e+05		3.045e+05	-1.052e+00	
394               8.000e+00		7.700e-01	0.000e+00	3.077e+05		3.045e+05	-1.052e+00	
395               8.000e+00		7.700e-01	0.000e+00	3.077e+05		3.045e+05	-1.052e+00	
396               8.000e+00		7.700e-01	0.000e+00	3.077e+05		3.045e+05	-1.052e+00	
397               8.000e+00		7.700e-01	0.000e+00	3.077e+05		3.045e+05	-1.052e+00	
398               8.000e+00		7.700e-01	0.000e+00	3.077e+05		3.045e+05	-1.052e+00	
399               8.000e+00		7.700e-01	0.000e+00	3.077e+05		3.045e+05	-1.052e+00	
400               8.000e+00		7.700e-01	0.000e+00	3.077e+05		3.045e+05	-1.052e+00	
401               8.000e+00		7.700e-01	0.000e+00	3.077e+05		3.045e+05	-1.052e+00	
402               8.000e+00		7.700e-01	0.000e+00	3.077e+05		3.045e+05	-1.052e+00	
403               8.000e+00		7.700e-01	0.000e+00	3.077e+05		3.045e+05	-1.052e+00	
404               8.000e+00		7.700e-01	0.000e+00	3.077e+05		3.045e+05	-1.052e+00	
405               8.000e+00		7.700e-01	0.000e+00	3.077e+05		3.045e+05	-1.052e+00	
406               8.000e+00		7.700e-01	0.000e+00	3.077e+05		3.045e+05	-1.052e+00	
407               8.000e+00		7.700e-01	0.000e+00	3.077e+05		3.045e+05	-1.052e+00	
408               8.000e+00		7.700e-01	0.000e+00	3.077e+05		3.045e+05	-1.052e+00	
409               8.000e+00		7.700e-01	0.000e+00	3.077e+05		3.045e+05	-1.052e+00	
410               8.000e+00		7.700e-01	0.000e+00	3.077e+05		3.045e+05	-1.052e+00	
411               8.000e+00		7.700e-01	0.000e+00	3.077e+05		3.045e+05	-1.052e+00	
412               8.000e+00		7.700e-01	0.000e+00	3.077e+05		3.045e+05	-1.052e+00	
413               8.000e+00		7.700e-01	0.000e+00	3.077e+05		3.045e+05	-1.052e+00	
414               8.000e+00		7.700e-01	0.000e+00	3.077e+05		3.045e+05	-1.052e+00	
415               8.000e+00		7.700e-01	0.000e+00	3.077e+05		3.045e+05	-1.052e+00	
416               8.000e+00		7.700e-01	0.000e+00	3.077e+05		3.045e+05	-1.052e+00	
417               8.000e+00		7.700e-01	0.000e+00	3.077e+05		3.045e+05	-1.052e+00	
418               8.000e+00		7.700e-01	0.000e+00	3.077e+05		3.045e+05	-1.052e+00	
419               8.000e+00		7.700e-01	0.000e+00	3.077e+05		3.045e+05	-1.052e+00	
420               8.000e+00		7.700e-01	0.000e+00	3.077e+05		3.045e+05	-1.052e+00	
421               8.000e+00		7.700e-01	0.000e+00	3.077e+05		3.045e+05	-1.052e+00	
422               8.000e+00		7.700e-01	0.000e+00	3.077e+05		3.045e+05	-1.052e+00	
423               8.000e+00		7.700e-01	0.000e+00	3.077e+05		3.045e+05	-1.052e+00	
424               8.000e+00		7.700e-01	0.000e+00	3.077e+05		3.045e+05	-1.052e+00	
425               8.000e+00		7.700e-01	0.000e+00	3.077e+05		3.045e+05	-1.052e+00	
426               8.000e+00		7.700e-01	0.000e+00	3.077e+05		3.045e+05	-1.052e+00	
427               8.000e+00		7.700e-01	0.000e+00	3.077e+05		3.045e+05	-1.052e+00	
428               8.000e+00		7.700e-01	0.000e+00	3.077e+05		3.045e+05	-1.052e+00	
429               8.000e+00		7.700e-01	0.000e+00	3.077e+05		3.045e+05	-1.052e+00	
430               8.000e+00		7.700e-01	0.000e+00	3.077e+05		3.045e+05	-1.052e+00	
431               8.000e+00		7.700e-01	0.000e+00	3.077e+05		3.045e+05	-1.052e+00	
432               8.000e+00		7.700e-01	0.000e+00	3.077e+05		3.045e+05	-1.052e+00	
433               8.000e+00		7.700e-01	0.000e+00	3.077e+05		3.045e+05	-1.052e+00	
434               8.000e+00		7.700e-01	0.000e+00	3.077e+05		3.045e+05	-1.052e+00	
435               8.000e+00		7.700e-01	0.000e+00	3.077e+05		3.045e+05	-1.052e+00	
436               8.000e+00		7.700e-01	0.000e+00	3.077e+05		3.045e+05	-1.052e+00	
437               8.000e+00		7.700e-01	0.000e+00	3.077e+05		3.045e+05	-1.052e+00	
438               8.000e+00		7.700e-01	0.000e+00	3.077e+05		3.045e+05	-1.052e+00	
439               8.000e+00		7.700e-01	0.000e+00	3.077e+05		3.045e+05	-1.052e+00	
440               8.000e+00		7.700e-01	0.000e+00	3.077e+05		3.045e+05	-1.052e+00	
441               8.000e+00		7.700e-01	0.000e+00	3.077e+05		3.045e+05	-1.052e+00	
442               8.000e+00		7.700e-01	0.000e+00	3.077e+05		3.045e+05	-1.052e+00	
443               8.000e+00		7.700e-01	0.000e+00	3.077e+05		3.045e+05	-1.052e+00	
444               8.000e+00		7.700e-01	0.000e+00	3.077e+05		3.045e+05	-1.052e+00	
445               8.000e+00		7.700e-01	0.000e+00	3.077e+05		3.045e+05	-1.052e+00	
446               8.000e+00		7.700e-01	0.000e+00	3.077e+05		3.045e+05	-1.052e+00	
447               8.000e+00		7.700e-01	0.000e+00	3.077e+05		3.045e+05	-1.052e+00	
448               8.000e+00		7.700e-01	0.000e+00	3.077e+05		3.045e+05	-1.052e+00	
449               8.000e+00		7.700e-01	0.000e+00	3.077e+05		3.045e+05	-1.052e+00	
450               8.000e+00		7.700e-01	0.000e+00	3.077e+05		3.045e+05	-1.052e+00	
451               8.000e+00		7.700e-01	0.000e+00	3.077e+05		3.045e+05	-1.052e+00	
452               8.000e+00		7.700e-01	0.000e+00	3.077e+05		3.045e+05	-1.052e+00	
453               8.000e+00		7.700e-01	0.000e+00	3.077e+05		3.045e+05	-1.052e+00	
454               8.000e+00		7.700e-01	0.000e+00	3.077e+05		3.045e+05	-1.052e+00	
455               8.000e+00		7.700e-01	0.000e+00	3.077e+05		3.045e+05	-1.052e+00	
456               8.000e+00		7.700e-01	0.000e+00	3.077e+05		3.045e+05	-1.052e+00	
457               8.000e+00		7.700e-01	0.000e+00	3.077e+05		3.045e+05	-1.052e+00	
458               8.000e+00		7.700e-01	0.000e+00	3.077e+05		3.045e+05	-1.052e+00	
459               8.000e+00		7.700e-01	0.000e+00	3.077e+05		3.045e+05	-1.052e+00	
460               8.000e+00		7.700e-01	0.000e+00	3.077e+05		3.045e+05	-1.052e+00	
461               8.000e+00		7.700e-01	0.000e+00	3.077e+05		3.045e+05	-1.052e+00	
462               8.000e+00		7.700e-01	0.000e+00	3.077e+05		3.045e+05	-1.052e+00	
463               8.000e+00		7.700e-01	0.000e+00	3.077e+05		3.045e+05	-1.052e+00	
464               8.000e+00		7.700e-01	0.000e+00	3.077e+05		3.045e+05	-1.052e+00	
465               8.000e+00		7.700e-01	0.000e+00	3.077e+05		3.045e+05	-1.052e+00	
466               8.000e+00		7.700e-01	0.000e+00	3.077e+05		3.045e+05	-1.052e+00	
467               8.000e+00		7.700e-01	0.000e+00	3.077e+05		3.045e+05	-1.052e+00	
468               8.000e+00		7.700e-01	0.000e+00	3.077e+05		3.045e+05	-1.052e+00	
469               8.000e+00		7.700e-01	0.000e+00	3.077e+05		3.045e+05	-1.052e+00	
470               8.000e+00		7.700e-01	0.000e+00	3.077e+05		3.045e+05	-1.052e+00	
471               8.000e+00		7.700e-01	0.000e+00	3.077e+05		3.045e+05	-1.052e+00	
472               8.000e+00		7.700e-01	0.000e+00	3.077e+05		3.045e+05	-1.052e+00	
473               8.000e+00		7.700e-01	0.000e+00	3.077e+05		3.045e+05	-1.052e+00	
474               8.000e+00		7.700e-01	0.000e+00	3.077e+05		3.045e+05	-1.052e+00	
475               8.000e+00		7.700e-01	0.000e+00	3.077e+05		3.045e+05	-1.052e+00	
476               8.000e+00		7.700e-01	0.000e+00	3.077e+05		3.045e+05	-1.052e+00	
477               8.000e+00		7.700e-01	0.000e+00	3.077e+05		3.045e+05	-1.052e+00	
478               8.000e+00		7.700e-01	0.000e+00	3.077e+05		3.045e+05	-1.052e+00	
479               8.000e+00		7.700e-01	0.000e+00	3.077e+05		3.045e+05	-1.052e+00	
480               8.000e+00		7.700e-01	0.000e+00	3.077e+05		3.045e+05	-1.052e+00	
481               8.000e+00		7.700e-01	0.000e+00	3.077e+05		3.045e+05	-1.052e+00	
482               8.000e+00		7.700e-01	0.000e+00	3.077e+05		3.045e+05	-1.052e+00	
483               8.000e+00		7.700e-01	0.000e+00	3.077e+05		3.045e+05	-1.052e+00	
484               8.000e+00		7.700e-01	0.000e+00	3.077e+05		3.045e+05	-1.052e+00	
485               8.000e+00		7.700e-01	0.000e+00	3.077e+05		3.045e+05	-1.052e+00	
486               8.000e+00		7.700e-01	0.000e+00	3.077e+05		3.045e+05	-1.052e+00	
487               8.000e+00		7.700e-01	0.000e+00	3.077e+05		3.045e+05	-1.052e+00	
488               8.000e+00		7.700e-01	0.000e+00	3.077e+05		3.045e+05	-1.052e+00	
489               8.000e+00		7.700e-01	0.000e+00	3.077e+05		3.045e+05	-1.052e+00	
490               8.000e+00		7.700e-01	0.000e+00	3.077e+05		3.045e+05	-1.052e+00	
491               8.000e+00		7.700e-01	0.000e+00	3.077e+05		3.045e+05	-1.052e+00	
492               8.000e+00		7.700e-01	0.000e+00	3.077e+05		3.045e+05	-1.052e+00	
493               8.000e+00		7.700e-01	0.000e+00	3.077e+05		3.045e+05	-1.052e+00	
494               8.000e+00		7.700e-01	0.000e+00	3.077e+05		3.045e+05	-1.052e+00	
495               8.000e+00		7.700e-01	0.000e+00	3.077e+05		3.045e+05	-1.052e+00	
496               8.000e+00		7.700e-01	0.000e+00	3.077e+05		3.045e+05	-1.052e+00	
497               8.000e+00		7.700e-01	0.000e+00	3.077e+05		3.045e+05	-1.052e+00	
498               8.000e+00		7.700e-01	0.000e+00	3.077e+05		3.045e+05	-1.052e+00	
499               8.000e+00		7.700e-01	0.000e+00	3.077e+05		3.045e+05	-1.052e+00	
500               8.000e+00		7.700e-01	0.000e+00	3.077e+05		3.045e+05	-1.052e+00	
